[Model]
MainFrame=100
NomTakt=20.000000

[Lmax]
IniLm=0
NLm=7
Label0=2.000000
Value0=20000.000000
Diskret0=10
Nbeg0=0
Nend0=10
Label1=5.000000
Value1=50000.000000
Diskret1=10
Nbeg1=0
Nend1=10
Label2=10.000000
Value2=100000.000000
Diskret2=10
Nbeg2=0
Nend2=10
Label3=20.000000
Value3=200000.000000
Diskret3=10
Nbeg3=0
Nend3=10
Label4=40.000000
Value4=400000.000000
Diskret4=10
Nbeg4=0
Nend4=10
Label5=80.000000
Value5=800000.000000
Diskret5=10
Nbeg5=0
Nend5=10
Label6=120.000000
Value6=1200000.000000
Diskret6=10
Nbeg6=0
Nend6=10

[Cikl]
IniCM=0
NCM=4
Label0= 1 m
Takt0=2
Serial0=4
Sum0=0
Lmin0=0.000000
Lmax0=210000.000000
OffsBeg0=0.000000
OffsEnd0=0.000000
Label1= 2 m
Takt1=2
Serial1=2
Sum1=0
Lmin1=0.000000
Lmax1=410000.000000
OffsBeg1=0.000000
OffsEnd1=0.000000
Label2= 4 m
Takt2=2
Serial2=1
Sum2=0
Lmin2=40000.000000
Lmax2=810000.000000
OffsBeg2=0.000000
OffsEnd2=0.000000
Label3= 8 m
Takt3=4
Serial3=1
Sum3=0
Lmin3=90000.000000
Lmax3=1810000.000000
OffsBeg3=0.000000
OffsEnd3=0.000000

[Pulse]
IniTP=1
NTP=6
Label0=30.000000
Value0=30.000000
Label1=100.000000
Value1=100.000000 
Label2=330.000000
Value2=330.000000
Label3=1000.000000
Value3=1000.000000
Label4=3000.000000
Value4=3000.000000
Label5=10000.000000
Value5=10000.000000

[Average]
IniFlag=0
IniAVR=3
ScaleAVR=4096
NAVR=11
AVR0=1
AVR1=2
AVR2=4
AVR3=8
AVR4=16
AVR5=32
AVR6=64
AVR7=128
AVR8=256
AVR9=512
AVR10=1024
IniTime=2
NTime=7
Time0=5
Time1=15
Time2=30
Time3=60
Time4=180
Time5=600
Time6=1800

[Index]
Index=1.4750
BC=-81.000000

