[Model]
MainFrame=500
NomTakt=30.000000

[Lmax]
IniLm=1
NLm=7
Label0=2.000000
Value0=20000.000000
Diskret0=10
Nbeg0=0
Nend0=10
Label1=5.000000
Value1=50000.000000
Diskret1=10
Nbeg1=0
Nend1=9
Label2=10.000000
Value2=100000.000000
Diskret2=10
Nbeg2=0
Nend2=10
Label3=20.000000
Value3=200000.000000
Diskret3=10
Nbeg3=0
Nend3=10
Label4=40.000000
Value4=400000.000000
Diskret4=10
Nbeg4=0
Nend4=10
Label5=90.000000
Value5=900000.000000
Diskret5=10
Nbeg5=0
Nend5=10
Label6=180.000000
Value6=1800000.000000
Diskret6=10
Nbeg6=0
Nend6=10

[Cikl]
IniCM=0
NCM=3
Label0= 3 m
Takt0=2
Serial0=2
Sum0=1
Lmin0=0.000000
Lmax0=410000.000000
OffsBeg0=0.000000
OffsEnd0=0.000000
Label1= 6 m
Takt1=2
Serial1=1
Sum1=1
Lmin1=0.000000
Lmax1=910000.000000
OffsBeg1=0.000000
OffsEnd1=0.000000
Label2=12 m
Takt2=4
Serial2=1
Sum2=2
Lmin2=100000.000000
Lmax2=1810000.000000
OffsBeg2=0.000000
OffsEnd2=0.000000

[Pulse]
IniTP=1
NTP=6
Label0=30.000000
Value0=30.000000
Label1=90.000000
Value1=90.000000
Label2=330.000000
Value2=330.000000
Label3=1000.000000
Value3=990.000000
Label4=3000.000000
Value4=3020.000000
Label5=10000.000000
Value5=9990.000000

[Average]
IniFlag=0
IniAVR=3
ScaleAVR=4096
NAVR=11
AVR0=1
AVR1=2
AVR2=4
AVR3=8
AVR4=16
AVR5=32
AVR6=64
AVR7=128
AVR8=256
AVR9=512
AVR10=1024
IniTime=2
NTime=7
Time0=5
Time1=15
Time2=30
Time3=60
Time4=180
Time5=600
Time6=1800

[Index]
Index=1.475000
BC=-83.000000

