[Model]
MainFrame=634
NomTakt=15.0
AdrPrm=16288
NumOvl=2

[Lmax]
IniLm=2
NLm=9
Label0=2.0
Value0=20000.000000
Diskret0=10
Label1=5.0
Value1=50000.000000
Diskret1=10
Label2=10.0
Value2=100000.000000
Diskret2=10
Label3=20.0
Value3=200030.000000
Diskret3=10
Label4=40.0
Value4=400000.000000
Diskret4=10
Label5=80.0
Value5=800000.000000
Diskret5=10
Label6=120.0
Value6=1200000.000000
Diskret6=10
Label7=160.0
Value7=1600000.000000
Diskret7=10
Label8=240.0
Value8=2400000.000000
Diskret8=10

[Cikl]
IniCM=1
NCM=6

Label0=0.5 m
Takt0=2
Serial0=6
Sum0=1
Lmin0=0.000000
Lmax0=73000.0
OffsBeg0=9999999
OffsEnd0=9999999

Label1=1.0 m
Takt1=2
Serial1=3
Sum1=1
Lmin1=0.000000
Lmax1=146000.000000
OffsBeg1=9999999
OffsEnd1=9999999

Label2=3.0 m
Takt2=2
Serial2=1
Sum2=1
Lmin2=0.0
Lmax2=435000.0
OffsBeg2=9999999
OffsEnd2=9999999

Label3= 6.0 m
Takt3=4
Serial3=1
Sum3=1
Lmin3=0.0
Lmax3=870000.000000
OffsBeg3=9999999
OffsEnd3=9999999

Label4=12 m
Takt4=8
Serial4=1
Sum4=2
Lmin4=100000.000000
Lmax4=1740000.000000
OffsBeg4=9999999
OffsEnd4=9999999

Label5=18 m
Takt5=12
Serial5=1
Sum5=3
Lmin5=1200000.000000
Lmax5=2610000.000000
OffsBeg5=9999999
OffsEnd5=9999999

[Pulse]
IniTP=1
NTP=8
Label0=10
Value0=10.000000

Label1=30
Value1=30.0

Label2=90
3T
Value2=90.0

Label3=300
11T
Value3=300.0

Label4=1000
33T
Value4=990

Label5=3000
101T
Value5=3030

Label6=10000
333T
Value6=9990

Label7=20000
667T
Value7=20010

[Average]
IniFlag=0
IniAVR=1
ScaleAVR=4096
NAVR=9
AVR0=1
AVR1=2
AVR2=4
AVR3=8
AVR4=16
AVR5=32
AVR6=64
AVR7=128
AVR8=256
IniTime=2
NTime=7
Time0=5
Time1=15
Time2=30
Time3=60
Time4=180
Time5=600
Time6=1800

[Signal]
IniBW=1
NBW=2
IniGain=0
NGain=2
IniPower=0
NPW=0

[Flags]
HW_Filter=0
sseMode=0
clcOffs=1
vG=1
vM=1
lowG=1
lowM=1

[Index]
Index=1.475

