[Model]
MainFrame=636
NomTakt=12.5
AdrPrm=16288

[Lmax]
IniLm=2
NLm=7
Label0=5.0
Value0=50000.0
Diskret0=10
Label1=10.0
Value1=100000.0
Diskret1=10
Label2=20.0
Value2=200000.0
Diskret2=10
Label3=40.0
Value3=400000
Diskret3=10
Label4=80.0
Value4=800000.0
Diskret4=8
Label5=160.0
Value5=1600000.0
Diskret5=16
Label6=240.0
Value6=240E4
Diskret6=12

[Cikl]
IniCM=1
NCM=7

Label0=0.31 m
Takt0=2
Serial0=8
Sum0=1
Lmin0=0.000000
Lmax0=50000.0
OffsBeg0=500000
OffsEnd0=500000

Label1=0.63 m
Takt1=2
Serial1=4
Sum1=1
Lmin1=0.000000
Lmax1=100000.0
OffsBeg1=1000000
OffsEnd1=1000000

Label2=1.25 m
Takt2=2
Serial2=2
Sum2=1
Lmin2=0.0
Lmax2=200000.0
OffsBeg2=2000000
OffsEnd2=2000000

Label3=2.5 m
Takt3=2
Serial3=1
Sum3=1
Lmin3=0.0
Lmax3=400000.0
OffsBeg3=2000000
OffsEnd3=2000000

Label4=5.0 m
Takt4=4
Serial4=1
Sum4=1
Lmin4=390000.0
Lmax4=800000.0
OffsBeg4=2000000
OffsEnd4=2000000

Label5=10 m
Takt5=8
Serial5=1
Sum5=2
Lmin5=1190000.0
Lmax5=1600000.0
OffsBeg5=2000000
OffsEnd5=2000000

Label6=15 m
Takt6=12
Serial6=1
Sum6=3
Lmin6=200E4
Lmax6=240E4
OffsBeg6=200E4
OffsEnd6=200E4

[Pulse]
IniTP=1
NTP=8
Label0=10
Value0=10.000000

Label1=30
Value1=30.0

Label2=100
4T
Value2=100.0

Label3=300
12T
Value3=300.0

Label4=1000
40T
Value4=1000

Label5=3000
125T
Value5=3000

Label6=10000
400T
Value6=10000

Label7=20000
800T
Value7=20000

[Average]
IniFlag=0
IniAVR=1
ScaleAVR=4096
NAVR=9
AVR0=1
AVR1=2
AVR2=4
AVR3=8
AVR4=16
AVR5=32
AVR6=64
AVR7=128
AVR8=256
IniTime=2
NTime=7
Time0=5
Time1=15
Time2=30
Time3=60
Time4=180
Time5=600
Time6=1800

[Flags]
HW_Filter=0
sseMode=0
lowPower=0
clcOffs=1
vG=0
lowG=0
vM=1
lowM=0
vA2=1

[Index]
Index=1.475

