[Model]
MainFrame=673
NomTakt=12.5
CmdOver=1
NumOvl=4
lsT=4
Vf=1
//section will be taken from 673.ini if derived

[Lmax]
IniLm=3
NLm=10
Label0=0.5
Value0=10000.0
Label1=2.0
Value1=20000.0
Label2=5.0
Value2=50000.0
Diskret2=10
Label3=10.0
Value3=100000.0
Diskret3=10
Label4=20.0
Value4=200000.0
Diskret4=10
Label5=40.0
Value5=400000
Diskret5=10
Label6=80.0
Value6=800000.0
Diskret6=8
Label7=120.0
Value7=1200000.0
Diskret7=12
Label8=160.0
Value8=1600000.0
Diskret8=16
Label9=240.0
Value9=2400000.0
Diskret9=12


[Cikl]
IniCM=1
NCM=10

Label0=0.16 m
Takt0=2
Serial0=16
Sum0=1
Lmin0=0.000000
Lmax0=50000.0
OffsBeg0=5E4
OffsEnd0=5E4

Label1=0.32 m
Takt1=2
Serial1=8
Sum1=1
Lmin1=0.000000
Lmax1=100000.0
OffsBeg1=5E4
OffsEnd1=5E4

Label2=0.63 m
Takt2=2
Serial2=4
Sum2=1
Lmin2=0.000000
Lmax2=200000.0
OffsBeg2=0
OffsEnd2=0

Label3=1.25 m
Takt3=2
Serial3=2
Sum3=1
Lmin3=0.0
Lmax3=400000.0
OffsBeg3=0
OffsEnd3=0

Label4=2.5 m
Takt4=2
Serial4=1
Sum4=1
Lmin4=0.0
Lmax4=590000.0
OffsBeg4=0
OffsEnd4=0

Label5=2.5 m
Takt5=4
Serial5=2
Sum5=1
Lmin5=590000.0
Lmax5=1610000.0
OffsBeg5=0
OffsEnd5=0

Label6=5.0 m
Takt6=4
Serial6=1
Sum6=1
Lmin6=790000.0
Lmax6=1610000.0
OffsBeg6=0
OffsEnd6=0

Label7=3.75 m
Takt7=6
Serial7=2
Sum7=1.5
Lmin7=1650000.000000
Lmax7=2400000.000000
OffsBeg7=0
OffsEnd7=0

Label8=7.5 m
Takt8=6
Serial8=1
Sum8=1.5
Lmin8=1550000.0
Lmax8=2400000.0
OffsBeg8=0
OffsEnd8=0

Label9=15 m
Takt9=6
Serial9=1
Sum9=1.5
Lmin9=1550000.0
Lmax9=2400000.0
X9=-2

[Pulse]
IniTP=1
NTP=10

Label0=3
Value0=4.000000

Label1=10
Value1=12.000000

Label2=25
Value2=25.0

Label3=100
4T
Value3=100.0

Label4=300
12T
Value4=300.0

Label5=500
20T
Value5=500.0

Label6=1000
40T
Value6=1000

Label7=3000
120T
Value7=3000

Label8=10000
400T
Value8=10000

Label9=20000
800T
Value9=20000

[Average]
IniFlag=0
IniAVR=1
ScaleAVR=4096
NAVR=9
AVR0=1
AVR1=2
AVR2=4
AVR3=8
AVR4=16
AVR5=32
AVR6=64
AVR7=128
AVR8=256
IniTime=2
NTime=8
Time0=5
Time1=15
Time2=30
Time3=60
Time4=180
Time5=300
Time6=600
Time7=1800

[Flags]
HW_Filter=0
clcOffs=1
sseMode=0
vM=1
lowM=1
vG=1
lowG=1
ModeZ=2
aGost=1

[Index]
Index=1.475

