[MEAS]
Model=100
Unit=SM-1.55
GI=1.475
BC=-83
Lmax=120
Lmax(nS)=1.18082e+06
L1=0
L2=1.18082e+06
Takt=4
Sum=0
Serial=1
Pulse=3000
Pulse(nS)=3000
NumLaser=0
WL=1550
flTime=0
AVR=8
ScaleAVR=4096
Time(s)=0
Fast(ms)=1000
Flags=0

