[MEAS]
Model=633
Unit=SM/1310/1550
GI=1.475
BC=-80
Lmax=160
Lmax(nS)=1.57442e+06
L1=0
L2=2.36163e+06
Takt=12080
Sum=13617
Serial=12595
Pulse=300
Pulse(nS)=330
NumLaser=0
WL=1310
flTime=0
AVR=4
ScaleAVR=1023
Time(s)=0
Fast(ms)=200
HW_Filter=1
sseMode=0
vG=1
lowG=1
vA=1
Flags=5

