[MEAS]
Model=635
Unit=SM/1310/1550
GI=1.475
BC=-80
Lmax=160
Lmax(nS)=1.57442e+06
L1=0
L2=1.57442e+06
Takt=8
Sum=2
Serial=1
Pulse=30
Pulse(nS)=30
NumLaser=0
WL=1310
flTime=0
AVR=2
ScaleAVR=2047
Time(s)=42928
Fast(ms)=200
HW_Filter=1
lowPower=0
sseMode=0
clcOffs=1
vG=0
lowG=0
vM=1
lowM=1
vA2=1
Flags=9

