[Model]
MainFrame=100
NomTakt=12.5

[Lmax]
IniLm=0
NLm=6
Label0=5.000000
Value0=50000.000000
Diskret0=10
Nbeg0=0
Nend0=10
Label1=10.000000
Value1=100000.000000
Diskret1=10
Nbeg1=0
Nend1=10
Label2=20.000000
Value2=200000.000000
Diskret2=10
Nbeg2=0
Nend2=10
Label3=40.000000
Value3=400000.000000
Diskret3=10
Nbeg3=0
Nend3=10
Label4=80.000000
Value4=800000.000000
Diskret4=10
Nbeg4=0
Nend4=10
Label5=120.000000
Value5=1200000.000000
Diskret5=10
Nbeg5=0
Nend5=10

[Cikl]
IniCM=0
NCM=6
Label0= 0.32 m
Takt0=2
Serial0=8
Sum0=1
Lmin0=0.0
Lmax0=51000
OffsBeg0=0
OffsEnd0=0

Label1= 0.64 m
Takt1=2
Serial1=4
Sum1=1
Lmin1=55000
Lmax1=110000
OffsBeg1=0
OffsEnd1=0

Label2= 1.3 m
Takt2=2
Serial2=2
Sum2=1
Lmin2=110000
Lmax2=210000
OffsBeg2=0
OffsEnd2=0

Label3= 2.5 m
Takt3=2
Serial3=1
Sum3=1
Lmin3=210000
Lmax3=410000
OffsBeg3=0
OffsEnd3=0

Label4= 5.0 m
Takt4=4
Serial4=1
Sum4=1
Lmin4=410000
Lmax4=810000
OffsBeg4=0
OffsEnd4=0

Label5= 7.5 m
Takt5=6
Serial5=1
Sum5=1
Lmin5=810000
Lmax5=1210000
OffsBeg5=0
OffsEnd5=0

[Pulse]
IniTP=1
NTP=8
Label0=10
Value0=10
Label1=30
Value1=30
Label2=100
Value2=100
Label3=300
Value3=300
Label4=1000
Value4=1000
Label5=2500
Value5=2500
Label6=5000
Value6=5000
Label7=10000
Value7=10000

[Average]
IniFlag=0
IniAVR=3
ScaleAVR=4096
NAVR=11
AVR0=1
AVR1=2
AVR2=4
AVR3=8
AVR4=16
AVR5=32
AVR6=64
AVR7=128
AVR8=256
AVR9=512
AVR10=1024
IniTime=2
NTime=7
Time0=5
Time1=15
Time2=30
Time3=60
Time4=180
Time5=600
Time6=1800

[Index]
Index=1.4750
BC=-81.000000

[Flags]
DataMode=2
FastSAVR=1024
L1L2=0
