[Model]
MainFrame=630
NomTakt=12.5
NumOvl=4

[Lmax]
IniLm=2
NLm=8
Label0=5.0
Value0=48500.0
Diskret0=10
Label1=10.0
Value1=98000.0
Diskret1=10
Label2=20.0
Value2=197000.0
Diskret2=10
Label3=40.0
Value3=395000
Diskret3=10
Label4=80.0
Value4=800000.0
Diskret4=8
Label5=120.0
Value5=1200000.000000
Diskret5=12
Label6=160.0
Value6=1605000.000000
Diskret6=16
Label7=240.0
Value7=2400000.000000
Diskret7=12

[Cikl]
IniCM=1
NCM=8

Label0=0.32 m
Takt0=2
Serial0=8
Sum0=1
Lmin0=0.000000
Lmax0=100000.0
OffsBeg0=0
OffsEnd0=0

Label1=0.63 m
Takt1=2
Serial1=4
Sum1=1
Lmin1=0.000000
Lmax1=200000.0
OffsBeg1=0
OffsEnd1=0

Label2=1.25 m
Takt2=2
Serial2=2
Sum2=1
Lmin2=0.0
Lmax2=400000.0
OffsBeg2=0
OffsEnd2=0

Label3=2.5 m
Takt3=2
Serial3=1
Sum3=1
Lmin3=0.0
Lmax3=810000.0
OffsBeg3=0
OffsEnd3=0

Label4=2.5 m
Takt4=4
Serial4=2
Sum4=1
Lmin4=811000.0
Lmax4=1610000.0
OffsBeg4=0
OffsEnd4=0

Label5=5.0 m
Takt5=4
Serial5=1
Sum5=1
Lmin5=810000.0
Lmax5=1610000.0
OffsBeg5=0
OffsEnd5=0

Label6=3.75 m
Takt6=6
Serial6=2
Sum6=1
Lmin6=1650000.000000
Lmax6=2400000.000000
OffsBeg6=0
OffsEnd6=0

Label7=7.5 m
Takt7=6
Serial7=1
Sum7=1
Lmin7=1550000.0
Lmax7=2400000.0
OffsBeg7=0
OffsEnd7=0

[Pulse]
IniTP=1
NTP=8
Label0=10
Value0=10.000000

Label1=30
Value1=30.0

Label2=90
3T
Value2=90.0

Label3=300
11T
Value3=300.0

Label4=1000
33T
Value4=990

Label5=3000
101T
Value5=3030

Label6=10000
333T
Value6=9990

Label7=20000
667T
Value7=20010

[Average]
IniFlag=0
IniAVR=1
ScaleAVR=4096
NAVR=7
AVR0=1
AVR1=2
AVR2=4
AVR3=8
AVR4=16
AVR5=32
AVR6=64
IniTime=2
NTime=7
Time0=5
Time1=15
Time2=30
Time3=60
Time4=180
Time5=600
Time6=1800

[Signal]
IniBW=1
NBW=2
IniGain=0
NGain=2
IniPower=0
NPW=0

[Flags]
HW_Filter=0
HW_Filter2=0
lowPower=0
clcOffs=1
sseMode=0
vG=1
lowG=1
ModeZ=1

[Index]
Index=1.475

