[Model]
MainFrame=668
NomTakt=12.5
CmdOver=1
NumOvl=4
lsT=4

[Lmax]
IniLm=2
NLm=9
Label0=2.0
Value0=20000.000000
Diskret0=10
Label1=5.0
Value1=50000.0
Diskret1=10
Label2=10.0
Value2=100000.0
Diskret2=10
Label3=20.0
Value3=200000.0
Diskret3=10
Label4=40.0
Value4=400000
Diskret4=10
Label5=80.0
Value5=800000.0
Diskret5=8
Label6=120.0
Value6=1200000.0
Diskret6=12
Label7=160.0
Value7=1600000.0
Diskret7=16
Label8=240.0
Value8=2400000.0
Diskret8=12

[Cikl]
IniCM=1
NCM=8

Label0=0.32 m
Takt0=2
Serial0=8
Sum0=1
Lmin0=0.000000
Lmax0=100000.0
OffsBeg0=5E4
OffsEnd0=5E4

Label1=0.63 m
Takt1=2
Serial1=4
Sum1=1
Lmin1=0.000000
Lmax1=200000.0
OffsBeg1=0
OffsEnd1=0

Label2=1.25 m
Takt2=2
Serial2=2
Sum2=1
Lmin2=0.0
Lmax2=400000.0
OffsBeg2=0
OffsEnd2=0

Label3=2.5 m
Takt3=2
Serial3=1
Sum3=1
Lmin3=0.0
Lmax3=790000.0
OffsBeg3=0
OffsEnd3=0

Label4=2.5 m
Takt4=4
Serial4=2
Sum4=1
Lmin4=791000.0
Lmax4=1610000.0
OffsBeg4=0
OffsEnd4=0

Label5=5.0 m
Takt5=4
Serial5=1
Sum5=1
Lmin5=790000.0
Lmax5=1610000.0
OffsBeg5=0
OffsEnd5=0

Label6=3.75 m
Takt6=6
Serial6=2
Sum6=1.5
Lmin6=1650000.000000
Lmax6=2400000.000000
OffsBeg6=0
OffsEnd6=0

Label7=7.5 m
Takt7=6
Serial7=1
Sum7=1.5
Lmin7=1550000.0
Lmax7=2400000.0
OffsBeg7=0
OffsEnd7=0

[Pulse]
IniTP=1
NTP=8
Label0=10
Value0=8.000000

Label1=30
Value1=25.0

Label2=90
4T
Value2=100.0

Label3=300
12T
Value3=300.0

Label4=1000
40T
Value4=1000

Label5=3000
120T
Value5=3000

Label6=10000
400T
Value6=10000

Label7=20000
800T
Value7=20000

[Average]
IniFlag=0
IniAVR=1
ScaleAVR=4096
NAVR=9
AVR0=1
AVR1=2
AVR2=4
AVR3=8
AVR4=16
AVR5=32
AVR6=64
AVR7=128
AVR8=256
IniTime=2
NTime=7
Time0=5
Time1=15
Time2=30
Time3=60
Time4=180
Time5=600
Time6=1800

[Flags]
HW_Filter=0
clcOffs=1
sseMode=0
vM=1
lowM=1
vG=1
lowG=1
ModeZ=2

[Index]
Index=1.475

