//665 160MHz_32ser
[Model]
MainFrame=670
NomTakt=12.5
CmdOver=1
NumOvl=4
Zovl=1
lsT=4
Vf=0

[Lmax]
IniLm=3
NLm=9
Label0=2.5
Value0=25000.0
Label1=5.0
Value1=50000.0
Diskret1=10
Label2=10.0
Value2=100000.0
Diskret2=10
Label3=20.0
Value3=200000.0
Diskret3=10
Label4=40.0
Value4=400000
Diskret4=10
Label5=80.0
Value5=800000.0
Diskret5=8
Label6=120.0
Value6=1200000.0
Diskret6=12
Label7=160.0
Value7=1600000.0
Diskret7=16
Label8=240.0
Value8=2400000.0
Diskret8=12

[Cikl]
IniCM=1
NCM=9

Label0=0.16 m
Takt0=2
Serial0=16
Sum0=1
Lmin0=0.0
Lmax0=5E4
OffsBeg0=0E4
OffsEnd0=0E4

Label1=0.32 m
Takt1=2
Serial1=8
Sum1=1
Lmin1=0.0
Lmax1=10E4
OffsBeg1=0E4
OffsEnd1=0E4

Label2=0.63 m
Takt2=2
Serial2=4
Sum2=1
Lmin2=0.000000
Lmax2=20E4
OffsBeg2=0E4
OffsEnd2=0E4

Label3=1.25 m
Takt3=2
Serial3=2
Sum3=1
Lmin3=0.0
Lmax3=40E4
OffsBeg3=80E4
OffsEnd3=80E4

Label4=2.5 m
Takt4=2
Serial4=1
Sum4=1
Lmin4=0.0
Lmax4=790000.0
OffsBeg4=0
OffsEnd4=0

Label5=2.5 m
Takt5=4
Serial5=2
Sum5=1
Lmin5=791000.0
Lmax5=1610000.0
OffsBeg5=80E4
OffsEnd5=80E4

Label6=5.0 m
Takt6=4
Serial6=1
Sum6=1
Lmin6=790000.0
Lmax6=1610000.0
OffsBeg6=80E4
OffsEnd6=80E4

Label7=3.75 m
Takt7=6
Serial7=2
Sum7=1.5
Lmin7=1650000.000000
Lmax7=2400000.000000
OffsBeg7=80E4
OffsEnd7=80E4

Label8=7.5 m
Takt8=6
Serial8=1
Sum8=1.5
Lmin8=1550000.0
Lmax8=2610000.0
OffsBeg8=80E4
OffsEnd8=80E4

[Pulse]
IniTP=2
NTP=10
Label0=5
1T
Value0=6.0

Label1=12
2T
Value1=12.5

Label2=25
4T
Value2=25.0

Label3=100
8T
Value3=100.0

Label4=300
24T
Value4=300.0

Label5=1000
80T
Value5=1000

Label6=3000
240T
Value6=3000

Label7=5000
400T
Value7=5000

Label8=10000
800T
Value8=10000

Label9=20000
1600T
Value9=20000

[Average]
IniFlag=0
IniAVR=1
ScaleAVR=4096
NAVR=9
AVR0=1
AVR1=2
AVR2=4
AVR3=8
AVR4=16
AVR5=32
AVR6=64
AVR7=128
AVR8=256
IniTime=2
NTime=7
Time0=5
Time1=15
Time2=30
Time3=60
Time4=180
Time5=600
Time6=1800

[Flags]
HW_Filter=0
clcOffs=1
clcLF=0
sseMode=0
vM=1
lowM=1
vG=1
lowG=0
ModeZ=2
Beard=0
aGost=0

[Index]
Index=1.475

