[Model]
MainFrame=800
NomTakt=2.5
CmdOver=1
NumOvl=1
Vf=1

[Lmax]
IniLm=3
NLm=11
Label0=1
Value0=10000.0
Label1=2.0
Value1=20000.0
Label2=6.0
Value2=60000.0
Diskret2=10
Label3=10.0
Value3=100000.0
Diskret3=10
Label4=20.0
Value4=200000.0
Diskret4=10
Label5=40.0
Value5=400000
Diskret5=10
Label6=80.0
Value6=800000.0
Diskret6=8
Label7=120.0
Value7=1200000.0
Diskret7=12
Label8=160.0
Value8=1600000.0
Diskret8=16
Label9=250.0
Value9=2500000.0
Diskret9=10
Label10=400.0
Value10=4000000.0
Diskret10=10


[Cikl]
IniCM=1
NCM=12

Label0=0.03 m
Takt0=8
Serial0=64
Sum0=1
Lmin0=0.0
Lmax0=8E4
OffsBeg0=0
OffsEnd0=0

Label1=0.06 m
Takt1=8
Serial1=32
Sum1=1
Lmin1=0.0
Lmax1=11E4
OffsBeg1=0
OffsEnd1=0

Label2=0.13 m
Takt2=8
Serial2=16
Sum2=1
Lmin2=0.0
Lmax2=20E4
OffsBeg2=0
OffsEnd2=0

Label3=0.25 m
Takt3=8
Serial3=8
Sum3=1
Lmin3=0.0
Lmax3=41E4
OffsBeg3=0
OffsEnd3=0

Label4=0.5 m
Takt4=8
Serial4=4
Sum4=1
Lmin4=0.0
Lmax4=41E4
OffsBeg4=0
OffsEnd4=0

Label5=1 m
Takt5=8
Serial5=2
Sum5=1
Lmin5=0.0
Lmax5=41E4
OffsBeg5=0
OffsEnd5=0

Label6=2 m
Takt6=8
Serial6=1
Sum6=1
Lmin6=0E4
Lmax6=41E4
OffsBeg6=0
OffsEnd6=0

Label7=0.5 m
Takt7=16
Serial7=8
Sum7=2
Lmin7=79e4
Lmax7=121e4
OffsBeg7=0
OffsEnd7=0

Label8=1 m
Takt8=16
Serial8=4
Sum8=2
Lmin8=79e4
Lmax8=250e4
OffsBeg8=0
OffsEnd8=0

Label9=2 m
Takt9=16
Serial9=2
Sum9=2
Lmin9=79E4
Lmax9=521E4
OffsBeg9=0
OffsEnd9=0


Label10=4.0 m
Takt10=16
Serial10=1
Sum10=2
Lmin10=79E4
Lmax10=521E4
OffsBeg10=0
OffsEnd10=0

Label11=8.0 m
Takt11=16
Serial11=1
Sum11=2
Lmin11=79E4
Lmax11=521E4
X11=-2


[Pulse]
IniTP=1
NTP=11

Label0=3
Value0=2.5

Label1=5
Value1=5.000000

Label2=10
Value2=10.000000

Label3=25
Value3=25.0

Label4=100
Value4=100.0

Label5=300
Value5=300.0

Label6=500
Value6=500.0

Label7=1000
Value7=1000

Label8=3000
Value8=3000

Label9=10000
Value9=10000

Label10=20000
Value10=20000

[Average]
IniFlag=0
IniAVR=1
ScaleAVR=4096
NAVR=9
AVR0=1
AVR1=2
AVR2=4
AVR3=8
AVR4=16
AVR5=32
AVR6=64
AVR7=128
AVR8=256
IniTime=2
NTime=7
Time0=5
Time1=15
Time2=30
Time3=60
Time4=180
Time5=600
Time6=1800

[Flags]
HW_Filter=0
clcOffs=1
sseMode=0
vM=1
lowM=1
vG=1
lowG=0
aGost=1
M2=0

[Index]
Index=1.475

